208.03826826439894
406.07653652879793
604.1148047931968
802.1530730575957
999.9355942028986
799.9555942028985
733.2955942028987
666.6355942028986
533.3155942028986
333.3355942028986
266.67559420289865
200.0155942028986
133.35559420289863
66.69559420289855
53.69559420289855
42.69559420289855
29.69559420289855
12.69559420289855
6.69559420289855
1.3559420289848264
0.2559052245790294
0.03558684239788079
0.035583162718376846
0.035579483419351764
0.03557580450076621
0.035572125962580824
0.03556844780475629
0.03556477002725328
0.035561092630032466
0.03555741561305452
0.03555373897628013
0.035550062719669984
0.035546386843184764
0.03554271134678518
0.03553903623043192
0.03553536149408569
0.0355316871377072
0.03552801316125716
0.035524339564696285
0.0355206663479853
0.0355206663479853